0.4  -0.95
1.0  -0.66
1.6  -0.34
2.2  0.0
2.82  0.34
3.44  0.66
3.62  0.66
3.92  1.26
4.45  1.86
5.06  2.42
5.45  2.68
5.37  2.64
5.39  3.25
6.0  3.73
6.61  4.17
7.22  4.56
7.83  4.95
8.44  5.34
9.05  5.73
9.65  6.08
10.26  6.1
10.87  5.82
11.47  5.46
12.07  5.1
12.67  4.74
13.27  4.39
13.88  4.04
14.48  3.69
15.1  3.35
15.14  3.26
15.44  2.64
15.83  2.03
16.23  1.42
16.64  0.82
17.06  0.2
17.47  -0.4
17.87  -1.0
18.28  -1.6
18.69  -2.2
19.11  -2.82
19.5  -3.43
19.73  -4.03
19.7  -4.63
19.61  -5.25
19.48  -5.86
19.35  -6.47
19.22  -7.08
19.09  -7.69
19.0  -8.31
18.95  -8.91
19.04  -9.52
19.15  -10.14
19.33  -10.74
19.59  -11.35
20.2  -11.94
20.81  -12.32
21.41  -12.62
22.02  -12.83
22.63  -12.94
23.23  -12.98
23.84  -12.97
24.46  -12.85
25.08  -12.79
25.68  -12.66
26.3  -12.58
26.93  -12.45
27.55  -12.39
28.17  -12.4
28.78  -12.81
29.38  -13.41
29.98  -14.02
30.54  -14.62
30.84  -15.23
30.99  -15.47
30.72  -14.86
30.27  -14.26
29.66  -13.67
29.05  -13.08
28.45  -12.55
27.84  -12.37
27.24  -12.4
26.61  -12.41
25.98  -12.56
25.38  -12.62
24.77  -12.74
24.15  -12.91
23.53  -12.96
22.91  -12.98
22.3  -12.91
21.7  -12.74
21.07  -12.48
20.46  -12.1
19.86  -11.61
19.43  -11.01
19.29  -10.41
19.12  -9.81
19.01  -9.2
18.97  -8.59
19.02  -7.99
19.08  -7.37
19.2  -6.76
19.32  -6.14
19.46  -5.53
19.59  -4.92
19.73  -4.31
19.68  -3.7
19.32  -3.1
18.83  -2.49
18.32  -1.88
17.8  -1.27
17.27  -0.67
16.72  -0.06
16.16  0.55
15.6  1.16
15.04  1.76
14.47  2.36
13.88  2.97
13.28  3.58
12.68  4.17
12.07  4.73
11.47  5.26
10.87  5.75
10.26  6.08
9.64  6.11
9.03  5.79
8.43  5.38
7.83  4.97
7.22  4.57
6.62  4.17
6.02  3.76
5.42  3.27
5.4  2.65
5.36  2.65
4.75  2.18
4.19  1.57
3.7  0.97
3.66  0.69
3.6  0.67
2.99  0.44
2.38  0.1
1.76  -0.24
1.15  -0.57
0.54  -0.81
