1.94  6.37
1.74  6.99
1.47  7.6
1.39  8.21
0.77  8.49
0.32  7.88
-0.12  7.27
-0.43  6.66
-0.64  6.06
-0.66  5.45
-0.65  4.84
-0.65  4.24
-0.65  3.64
-0.65  3.04
-0.65  2.44
-0.65  1.82
-0.65  1.22
-0.65  0.62
-0.65  0.02
-0.65  -0.58
-0.65  -1.2
-0.65  -1.8
-0.39  -2.4
0.12  -3.0
0.73  -3.47
1.33  -3.55
1.96  -3.6
2.58  -3.6
3.19  -3.61
3.79  -3.59
4.39  -3.6
4.99  -3.57
5.59  -3.57
6.21  -3.57
6.82  -3.59
7.43  -3.6
8.03  -3.61
8.63  -3.57
9.24  -3.57
9.85  -3.56
10.46  -3.6
11.06  -3.58
11.66  -3.75
12.27  -3.66
12.89  -3.67
13.49  -3.22
14.09  -2.92
14.69  -2.32
15.29  -1.87
15.89  -1.87
16.54  -1.87
